1608  6545  5528   15 4  2023    09:29:40   1  FSD	      LHR        182.9    1  200  1500  4.5  3.2  Ride       3     NO        
1608  6055  6095   18 5  2023    18:29:44   1  FSD        LHR        182.9    1  200  2000  4.1  3.8  Delivery   200   Freight 
5746  3829  3822   28 5  2023    13:58:45   0  Daewoo     FAST-NUCES 18.4     2  200  1000  0    0    Ride       1     NO
1608  4875  6245   6  6  2023    11:41:14   0  D-Ground   GTS        3.1      1  200  23    5    2.5  Delivery   1     Freight   
1990  4875  6245   7  6  2023    13:50:14   0  D-Ground   GTS        3.1      3  200  211   0    0    Ride       1     NO       
1729  3024  6846   7  6  2023    15:40:23   0  D-Ground   GTS        3.1      4  200  22    0    0    Ride       1     NO        
1519  4875  6245   7  6  2023    16:22:30   0  D-Ground   GTS        3.1      2  200  23    0    0    Ride       1     NO        
1608  3024  6846   7  6  2023    15:09:46   0  D-Ground   GTS        3.1      3  200  22    0    0    Ride       1     NO        
1608  6545  5528   7  6  2023    23:14:00   0  Daewoo     FAST-NUCES 18.4     1  200  407   4.5  3    Ride       2     NO        
1608  3024  1653   13 8  2023    19:14:07   0  D-Ground   GTS        3.1      3  200  24    0    0    Ride       1     NO        
